6.550299525260925293e-01
3.743131160736083984e-01
-4.565537571907043457e-01
-1.032883167266845703e+00
8.181310892105102539e-01
-4.028919339179992676e-01
2.289675474166870117e-01
1.080094575881958008e+00
1.309676766395568848e+00
-8.606469631195068359e-01
-7.226026058197021484e-01
5.954210758209228516e-01
1.013326168060302734e+00
5.916482210159301758e-02
3.285207748413085938e-01
1.052672386169433594e+00
5.880877971649169922e-01
-2.575154006481170654e-01
-1.024702489376068115e-01
4.802588522434234619e-01
1.893114745616912842e-01
-2.817097902297973633e-01
-3.723928630352020264e-01
-3.820779919624328613e-01
-2.433829903602600098e-01
-6.353865563869476318e-02
9.112243056297302246e-01
9.869072437286376953e-01
1.017715692520141602e+00
3.937005996704101562e-01
4.099249541759490967e-01
-5.133718252182006836e-01
5.826547741889953613e-01
-9.286428689956665039e-01
-7.196199893951416016e-01
1.147356033325195312e-01
1.197255373001098633e+00
4.676386713981628418e-01
8.752781152725219727e-01
-5.358365178108215332e-01
-6.109328866004943848e-01
-1.417264461517333984e+00
5.058005452156066895e-02
-1.645745933055877686e-01
-6.821559667587280273e-01
1.260109245777130127e-01
-7.844316959381103516e-01
-6.461606621742248535e-01
1.591377556324005127e-01
-8.342270851135253906e-01
8.367522060871124268e-02
1.381951570510864258e-02
-2.124299257993698120e-01
1.279529929161071777e-01
-3.651073276996612549e-01
-2.212554216384887695e-03
-4.834790825843811035e-01
-3.605058789253234863e-02
-3.169494867324829102e-01
9.058334678411483765e-02
1.309742331504821777e-01
-3.736814856529235840e-01
1.097257852554321289e+00
6.356546878814697266e-01
9.172046780586242676e-01
1.159324884414672852e+00
-1.044813156127929688e+00
-4.343956708908081055e-02
-1.002783417701721191e+00
-1.291879713535308838e-01
-1.212360858917236328e-01
2.316216975450515747e-01
-1.668320059776306152e+00
-2.438897788524627686e-01
1.548276543617248535e+00
1.337517857551574707e+00
-4.578938186168670654e-01
-6.988661289215087891e-01
3.550051450729370117e-01
-2.371067285537719727e+00
-5.068973898887634277e-01
8.296341896057128906e-01
2.811845242977142334e-01
-1.023190021514892578e+00
1.986194103956222534e-01
4.102326631546020508e-01
-5.172777175903320312e-01
-8.283022046089172363e-02
6.230139732360839844e-02
3.473348915576934814e-01
-4.233475327491760254e-01
1.704236567020416260e-01
1.907559394836425781e+00
2.003322243690490723e-01
1.557316064834594727e+00
-4.252731502056121826e-01
-3.741921186447143555e-01
-1.449886679649353027e+00
-5.479842424392700195e-01
6.783049106597900391e-01
-6.437777876853942871e-01
5.188677310943603516e-01
-1.012569904327392578e+00
6.463496685028076172e-01
1.260688424110412598e+00
-1.337095260620117188e+00
2.755312919616699219e-01
-4.793899357318878174e-01
-1.547426581382751465e+00
3.167455196380615234e-01
-6.191474199295043945e-01
-8.809483647346496582e-01
-1.795484125614166260e-01
3.098017871379852295e-01
-4.449369907379150391e-01
2.900091409683227539e-01
1.355158567428588867e+00
2.449547648429870605e-01
9.552789330482482910e-01
6.449182629585266113e-01
-1.054755210876464844e+00
-7.706897705793380737e-02
4.765914380550384521e-01
1.220986843109130859e+00
1.197707891464233398e+00
9.172744750976562500e-01
-3.353428244590759277e-01
1.266952276229858398e+00
4.005063176155090332e-01
3.036902546882629395e-01
-1.097223401069641113e+00
1.499376595020294189e-01
4.135613143444061279e-02
1.168603599071502686e-01
6.357207894325256348e-02
-9.567894935607910156e-01
-1.056794047355651855e+00
-3.143299221992492676e-01
-2.899348735809326172e-01
5.644719004631042480e-01
-2.161080092191696167e-01
-1.379750967025756836e-01
-1.558649897575378418e+00
-4.443799555301666260e-01
4.856015443801879883e-01
1.035053014755249023e+00
2.428284287452697754e-01
6.699462234973907471e-02
8.008662462234497070e-01
-3.810846805572509766e-01
-1.603767573833465576e-01
-2.277667820453643799e-01
8.960808515548706055e-01
-4.703013002872467041e-01
-1.151766180992126465e-01
1.292019039392471313e-01
-1.117600798606872559e-01
-5.423156023025512695e-01
8.452890068292617798e-02
1.146498546004295349e-01
5.950443744659423828e-01
-1.430840730667114258e+00
5.147339701652526855e-01
-5.077571794390678406e-02
-7.152714729309082031e-01
-2.748843431472778320e-01
3.794762790203094482e-01
7.274891138076782227e-01
8.869566023349761963e-02
4.654269814491271973e-01
-5.628691315650939941e-01
-6.248769164085388184e-01
-5.754387974739074707e-01
2.038633823394775391e+00
-1.891602575778961182e-01
6.021475791931152344e-01
-7.511416673660278320e-01
4.853307604789733887e-01
1.081797361373901367e+00
-6.990644931793212891e-01
-5.913984775543212891e-01
-5.516042709350585938e-01
-5.744647979736328125e-01
-7.254824042320251465e-02
3.497833311557769775e-01
1.101196050643920898e+00
-1.427413702011108398e+00
-3.601242899894714355e-01
-1.067364573478698730e+00
6.743354201316833496e-01
1.424305737018585205e-01
-6.052479743957519531e-01
-6.432092785835266113e-01
-3.625954315066337585e-02
9.552738070487976074e-01
-9.045762419700622559e-01
1.092877149581909180e+00
1.021518826484680176e+00
-4.581969380378723145e-01
3.441337645053863525e-01
1.285906136035919189e-01
-1.097500920295715332e+00
-5.332834720611572266e-01
-6.359430551528930664e-01
3.902588188648223877e-01
-9.572629928588867188e-01
2.785589993000030518e-01
4.067017436027526855e-01
4.337623119354248047e-01
-5.268234014511108398e-01
-2.602310180664062500e-01
4.556825757026672363e-01
1.242991983890533447e-01
-1.656695902347564697e-01
2.159112840890884399e-01
-4.830905795097351074e-02
7.516829371452331543e-01
-6.533184051513671875e-01
-9.211614131927490234e-01
1.125770807266235352e+00
-6.638134717941284180e-01
-7.612955570220947266e-02
8.304449319839477539e-01
2.116577476263046265e-01
-2.971865534782409668e-01
8.270689249038696289e-01
-9.473600983619689941e-01
4.234779179096221924e-01
2.498117089271545410e-02
-6.886059045791625977e-02
9.417980909347534180e-02
-7.623042911291122437e-02
-2.053380459547042847e-01
1.870059728622436523e+00
-2.606255412101745605e-01
-1.040786266326904297e+00
4.957616329193115234e-02
-1.494331061840057373e-01
-6.234645843505859375e-01
1.910636126995086670e-01
-7.970342040061950684e-01
1.344684839248657227e+00
-1.527903378009796143e-01
-7.106248140335083008e-01
-6.365969181060791016e-01
-1.157012701034545898e+00
-2.267566621303558350e-01
9.596962928771972656e-01
-7.652407884597778320e-01
1.036180257797241211e+00
9.334794431924819946e-02
3.708534538745880127e-01
-2.171023786067962646e-01
-1.180686593055725098e+00
-2.295516967773437500e+00
9.913414716720581055e-03
