3.036343157291412354e-01
4.218322634696960449e-01
2.021193027496337891e+00
-5.676015615463256836e-01
-1.590212583541870117e+00
-5.602478384971618652e-01
4.156422913074493408e-01
5.375848412513732910e-01
2.035048246383666992e+00
-3.454052507877349854e-01
-1.372178554534912109e+00
1.724985837936401367e+00
-1.443206071853637695e+00
3.299743533134460449e-01
1.083055809140205383e-01
5.370414257049560547e-01
4.318004846572875977e-01
-2.171322107315063477e-01
1.119036197662353516e+00
-1.720221340656280518e-02
6.245955228805541992e-01
-1.630947589874267578e+00
7.737984657287597656e-01
8.900246620178222656e-01
4.543523788452148438e-01
-2.135026454925537109e-01
-8.275007605552673340e-01
-2.328815907239913940e-01
6.004844903945922852e-01
9.714583754539489746e-01
-7.769584655761718750e-03
-8.554357290267944336e-01
-9.768735170364379883e-01
-3.101229369640350342e-01
-4.510688185691833496e-01
-9.472650289535522461e-01
-1.317345142364501953e+00
-6.401699781417846680e-01
2.984623610973358154e-01
-3.177148103713989258e-01
-1.400103121995925903e-01
-2.066047668457031250e+00
-1.738428473472595215e+00
-2.578549087047576904e-01
-8.153661489486694336e-01
-2.227351069450378418e-01
-9.660732746124267578e-01
-1.924446821212768555e+00
1.649640917778015137e+00
4.314223229885101318e-01
1.722527623176574707e+00
8.065421581268310547e-01
5.343819856643676758e-01
2.172763586044311523e+00
4.190285801887512207e-01
-6.009784936904907227e-01
-1.088600605726242065e-01
7.403647899627685547e-01
-3.207396566867828369e-01
6.803946495056152344e-01
-1.645460128784179688e+00
1.116650938987731934e+00
-1.192304730415344238e+00
2.206358015537261963e-01
2.760024666786193848e-01
1.576880574226379395e+00
-5.864896774291992188e-01
-4.859077036380767822e-01
-1.127426147460937500e+00
3.260805904865264893e-01
-3.368834555149078369e-01
-1.993016451597213745e-01
1.513423323631286621e-01
-2.963101565837860107e-01
-4.002722501754760742e-01
1.399888545274734497e-01
-3.386842608451843262e-01
-7.840758562088012695e-01
8.825304508209228516e-01
4.501774609088897705e-01
1.286908149719238281e+00
-2.517762184143066406e+00
1.148499727249145508e+00
1.477582216262817383e+00
7.719843387603759766e-01
-1.465344429016113281e+00
6.900377273559570312e-01
1.544738650321960449e+00
1.092919036746025085e-01
-1.418947577476501465e+00
6.980996727943420410e-01
-1.683661639690399170e-01
3.054295182228088379e-01
-8.147377967834472656e-01
7.700535058975219727e-01
-3.047247231006622314e-01
-5.939425230026245117e-01
9.950663447380065918e-01
-1.188783407211303711e+00
-1.438517570495605469e+00
4.050190150737762451e-01
-2.037995457649230957e-01
-2.221790105104446411e-01
8.895280361175537109e-01
-1.077592968940734863e+00
7.662001848220825195e-01
1.105674147605895996e+00
9.497190713882446289e-01
8.378236293792724609e-01
-9.403003454208374023e-01
-1.317634940147399902e+00
-5.622900128364562988e-01
-1.251130938529968262e+00
-6.350749731063842773e-01
-8.821039199829101562e-01
1.372375011444091797e+00
2.048193931579589844e+00
-1.119281530380249023e+00
-5.062488317489624023e-01
-5.528892874717712402e-01
1.640815377235412598e+00
2.363550186157226562e+00
-9.591192007064819336e-02
-9.819576144218444824e-02
9.633301496505737305e-01
-9.920016527175903320e-01
1.188610076904296875e+00
4.703667759895324707e-01
-8.072762489318847656e-01
-1.488589406013488770e+00
7.286194562911987305e-01
-9.769674539566040039e-01
-7.749145627021789551e-01
-7.145746946334838867e-01
8.363962173461914062e-02
8.524656295776367188e-04
-1.013126611709594727e+00
-2.456933706998825073e-01
-1.051761269569396973e+00
8.653206825256347656e-01
-6.075460910797119141e-01
8.661549091339111328e-01
-6.044661998748779297e-01
-6.849379539489746094e-01
2.431678771972656250e-01
7.963598966598510742e-01
-3.614828288555145264e-01
-6.000927090644836426e-01
-1.864199638366699219e-01
5.341160893440246582e-01
-1.380161523818969727e+00
-1.423442065715789795e-01
5.856145620346069336e-01
6.162410974502563477e-01
-1.918588280677795410e-01
1.637966036796569824e-01
1.003220200538635254e+00
5.053415894508361816e-01
-3.977546691894531250e-01
1.029162168502807617e+00
-1.738983392715454102e-02
2.091316938400268555e+00
-1.299893379211425781e+00
9.658322930335998535e-01
-1.440652608871459961e+00
6.991946697235107422e-02
-1.211400747299194336e+00
1.305405497550964355e+00
5.477983355522155762e-01
5.802971124649047852e-02
2.668476104736328125e-01
1.270075082778930664e+00
6.522349119186401367e-01
4.913640916347503662e-01
7.384455800056457520e-01
7.902990579605102539e-01
1.040569767355918884e-01
1.680675268173217773e+00
-4.684688448905944824e-01
-1.490132212638854980e+00
-3.189877748489379883e+00
7.839387655258178711e-01
-1.193508982658386230e+00
-1.880052387714385986e-01
2.393542766571044922e+00
-2.692128419876098633e-01
-4.378709197044372559e-01
1.507669329643249512e+00
-8.274349570274353027e-01
-5.343654751777648926e-01
-7.849541902542114258e-01
-2.536031007766723633e-01
7.359651327133178711e-01
7.520729303359985352e-02
1.366523981094360352e+00
-4.205082952976226807e-01
5.800647735595703125e-01
1.001137971878051758e+00
6.217059493064880371e-01
7.006268501281738281e-01
1.434217929840087891e+00
2.371882796287536621e-01
-1.956129074096679688e-01
7.892990112304687500e-02
-2.212623208761215210e-01
7.285664081573486328e-01
-1.259981989860534668e+00
2.348322123289108276e-01
-1.598415255546569824e+00
-1.548113107681274414e+00
-7.558442354202270508e-01
4.536010026931762695e-01
1.376509070396423340e-01
-5.611363053321838379e-02
-5.115706920623779297e-01
-1.138629555702209473e+00
7.239384055137634277e-01
2.149761021137237549e-01
-1.055779233574867249e-01
1.222921729087829590e+00
3.146375715732574463e-01
-1.423559188842773438e-01
-9.270417690277099609e-01
3.078491687774658203e-01
-1.005355119705200195e-01
1.058028221130371094e+00
-1.867524385452270508e+00
-8.628726601600646973e-01
-1.418265581130981445e+00
1.389942765235900879e+00
-7.007793784141540527e-01
-1.317648887634277344e+00
-1.128188371658325195e+00
-1.451592087745666504e+00
-1.249950975179672241e-01
9.292581677436828613e-02
2.144074440002441406e-01
-8.974699378013610840e-01
3.685461282730102539e-01
1.016417503356933594e+00
7.098521590232849121e-01
-2.929961681365966797e-01
1.618445068597793579e-01
-1.511642098426818848e+00
-2.256100028753280640e-01
1.446572422981262207e+00
1.448222279548645020e+00
-6.893852949142456055e-01
3.290493488311767578e-01
-1.323154568672180176e+00
2.180952072143554688e+00
-2.605345249176025391e-01
-6.989851593971252441e-01
-1.437391042709350586e+00
-2.195317745208740234e-01
-9.889263510704040527e-01
