-2.063535749912261963e-01
-6.030122041702270508e-01
8.219213485717773438e-01
-6.727649569511413574e-01
-7.096578478813171387e-01
-1.562050819396972656e+00
9.756757020950317383e-01
4.218887090682983398e-01
-4.632873460650444031e-02
-3.469675779342651367e-02
-1.532214581966400146e-01
1.006190627813339233e-01
-8.295648694038391113e-01
-1.143217325210571289e+00
-3.010469675064086914e-01
7.561897039413452148e-01
2.361367344856262207e-01
-4.047796130180358887e-03
-2.470589578151702881e-01
7.029833197593688965e-01
-9.735397696495056152e-01
-4.264500439167022705e-01
-3.729310035705566406e-01
-6.211357116699218750e-01
4.984110593795776367e-01
-3.505714833736419678e-01
4.517416656017303467e-01
9.805610775947570801e-02
9.372435212135314941e-01
7.528545856475830078e-01
9.719762802124023438e-01
4.792138338088989258e-01
-3.694607615470886230e-01
-1.155596375465393066e+00
-1.286181688308715820e+00
-5.956480652093887329e-02
5.907576084136962891e-01
1.290943026542663574e-01
2.013469338417053223e-01
1.093722581863403320e+00
-1.175306737422943115e-02
-1.942508667707443237e-01
-9.078422188758850098e-01
-3.465264737606048584e-01
2.393727600574493408e-01
6.050299406051635742e-01
8.913528919219970703e-01
-1.741639137268066406e+00
-2.476784586906433105e-02
-9.806830883026123047e-01
-1.220051944255828857e-01
5.630895495414733887e-03
1.977337300777435303e-01
-9.131690263748168945e-01
5.849744081497192383e-01
-1.984210610389709473e-01
3.416009247303009033e-02
-2.020910680294036865e-01
-5.637983679771423340e-01
-3.088766336441040039e-02
-7.645545005798339844e-01
-5.734940767288208008e-01
1.249882459640502930e+00
1.886425614356994629e-01
2.417375326156616211e+00
7.105767130851745605e-01
-9.200485348701477051e-01
8.466565012931823730e-01
-7.231195569038391113e-01
8.483117818832397461e-01
-1.564820110797882080e-01
-1.829671859741210938e-01
-5.819823592901229858e-03
-4.760173857212066650e-01
8.764002919197082520e-01
1.007370948791503906e-01
2.211662381887435913e-01
-9.546390175819396973e-02
1.463525593280792236e-01
-1.201451778411865234e+00
2.700180113315582275e-01
-5.822519063949584961e-01
-2.870393395423889160e-01
4.890606105327606201e-01
4.553205966949462891e-01
-6.887129545211791992e-01
-3.881728053092956543e-01
8.627509474754333496e-01
-6.108400225639343262e-02
-1.073812246322631836e+00
3.870322108268737793e-01
7.750640511512756348e-01
9.465212821960449219e-01
-1.679367572069168091e-01
-4.126981496810913086e-01
1.353787779808044434e-01
8.711457848548889160e-01
9.495764970779418945e-04
2.693798840045928955e-01
-2.411673367023468018e-01
-1.362763643264770508e-01
-4.520165547728538513e-02
-3.208990097045898438e-01
-5.102239251136779785e-01
-3.611376881599426270e-01
-5.412796735763549805e-01
-8.288241624832153320e-01
-2.890937328338623047e-01
2.721719630062580109e-02
-6.114884614944458008e-01
-8.102884888648986816e-02
-3.487156033515930176e-01
3.360415101051330566e-01
-1.946746706962585449e-01
8.629677295684814453e-01
1.464658081531524658e-01
3.884720802307128906e-02
-5.578767657279968262e-01
-4.147328138351440430e-01
4.139308333396911621e-01
-1.622596383094787598e+00
2.250099182128906250e-01
-3.461945652961730957e-01
8.074067234992980957e-01
6.829142570495605469e-02
6.445102095603942871e-01
-7.629185914993286133e-01
1.307844638824462891e+00
3.132712543010711670e-01
6.669485569000244141e-01
-1.411114692687988281e+00
-9.215670824050903320e-01
-2.691388130187988281e-01
2.155646979808807373e-01
-5.271453857421875000e-01
-6.200748682022094727e-01
-5.491986870765686035e-02
6.632072329521179199e-01
3.912729620933532715e-01
-2.155499756336212158e-01
-2.319874167442321777e-01
-1.976928114891052246e-01
-8.786420822143554688e-01
-4.264486432075500488e-01
1.462766528129577637e-01
3.647106885910034180e-01
2.382848709821701050e-01
7.040593624114990234e-01
1.111653923988342285e+00
-6.189571619033813477e-01
4.552016556262969971e-01
1.660893559455871582e-01
-5.420134067535400391e-01
-1.811143457889556885e-01
4.020780920982360840e-01
-2.369609177112579346e-01
4.046143889427185059e-01
-1.442499160766601562e+00
8.080773800611495972e-02
-1.262531727552413940e-01
-8.172730803489685059e-01
2.484473586082458496e-02
4.217015206813812256e-01
3.580240905284881592e-01
-1.124973773956298828e+00
9.596874713897705078e-01
-3.231555223464965820e-02
6.779751926660537720e-02
-6.101433038711547852e-01
4.765801131725311279e-03
-3.166454434394836426e-01
1.386752367019653320e+00
2.050943374633789062e-01
1.729495823383331299e-01
-8.012905120849609375e-01
-4.366139769554138184e-01
-1.207008242607116699e+00
3.211141526699066162e-01
-5.513399243354797363e-01
-8.734551072120666504e-01
-4.033374488353729248e-01
9.350721240043640137e-01
-7.132313847541809082e-01
-2.134307324886322021e-01
-6.527715176343917847e-02
1.682571172714233398e+00
-7.296562194824218750e-03
-9.789677858352661133e-01
-1.724442243576049805e-01
-4.157534837722778320e-01
-1.377256870269775391e+00
1.239335536956787109e+00
3.101824223995208740e-02
4.233718663454055786e-02
1.450953483581542969e+00
8.296848833560943604e-02
1.328045845031738281e+00
2.375467419624328613e-01
9.661766290664672852e-01
6.898301839828491211e-01
4.364250302314758301e-01
-4.124328792095184326e-01
9.815989434719085693e-02
1.081800237298011780e-01
8.305386304855346680e-01
-1.523266553878784180e+00
-6.626766920089721680e-02
1.686427295207977295e-01
7.621794939041137695e-02
-4.817893505096435547e-01
4.594095051288604736e-01
-3.352826833724975586e-01
1.520013809204101562e-02
3.241184353828430176e-01
-6.650124192237854004e-01
7.868884205818176270e-01
-5.876493453979492188e-01
7.984007596969604492e-01
1.737910211086273193e-01
9.953969717025756836e-01
-2.157002091407775879e-01
8.611390590667724609e-01
-5.979634523391723633e-01
-2.452120780944824219e-01
1.307667732238769531e+00
2.140762656927108765e-01
-2.565109133720397949e-01
-7.462199926376342773e-01
4.456157088279724121e-01
2.802165746688842773e-01
5.377241969108581543e-02
-5.511590838432312012e-01
8.618437647819519043e-01
8.980392813682556152e-01
-3.880272209644317627e-01
3.799902200698852539e-01
-6.870764493942260742e-01
-9.004962444305419922e-02
8.879884481430053711e-01
1.888395071029663086e+00
2.632951736450195312e-02
1.752635359764099121e+00
7.547411918640136719e-01
-5.804902911186218262e-01
-9.001401662826538086e-01
-6.423785090446472168e-01
-3.293887376785278320e-01
7.354758381843566895e-01
9.146167039871215820e-01
-3.744890689849853516e-01
9.485133290290832520e-01
-2.364364266395568848e-01
-1.131084918975830078e+00
1.578302383422851562e-01
1.154533997178077698e-01
1.210166096687316895e+00
