-1.000789627432823181e-01
-1.212668180465698242e+00
-8.183900117874145508e-01
-5.933188199996948242e-01
-1.243639886379241943e-01
-1.360863685607910156e+00
-1.932153344154357910e+00
1.094031095504760742e+00
1.173924446105957031e+00
-1.076883792877197266e+00
-1.792603850364685059e+00
1.153324961662292480e+00
8.376562595367431641e-02
1.178795933723449707e+00
-1.203719258308410645e+00
1.548927307128906250e+00
5.319271087646484375e-01
-3.170422911643981934e-01
8.786792159080505371e-01
-1.436934232711791992e+00
1.065268039703369141e+00
-8.025962114334106445e-01
8.803434371948242188e-01
1.268567562103271484e+00
4.851881563663482666e-01
1.641863942146301270e+00
-8.212559819221496582e-01
9.614375233650207520e-01
-1.738044619560241699e-01
-1.453126370906829834e-01
1.743385642766952515e-01
3.739115297794342041e-01
3.878524899482727051e-02
-2.492178380489349365e-01
1.814708113670349121e+00
-3.807598948478698730e-01
1.592427253723144531e+00
9.950178265571594238e-01
-3.334468603134155273e-02
3.969120979309082031e-02
-1.155859231948852539e-01
-5.032483339309692383e-01
-2.892264723777770996e-02
2.019026428461074829e-01
8.641489148139953613e-01
-1.298460841178894043e+00
4.148492813110351562e-01
-1.531190127134323120e-01
1.195430010557174683e-01
1.554713487625122070e+00
6.460104584693908691e-01
1.582519710063934326e-01
9.461771845817565918e-01
-1.844072937965393066e+00
6.876133680343627930e-01
9.170040488243103027e-01
-4.144188165664672852e-01
8.401721715927124023e-04
2.363084316253662109e+00
1.768414497375488281e+00
3.806925714015960693e-01
-1.005075573921203613e+00
-3.992227911949157715e-01
3.614705801010131836e-01
-8.036359548568725586e-01
1.491859912872314453e+00
-1.281395912170410156e+00
1.313523530960083008e+00
-1.171308875083923340e+00
1.280884981155395508e+00
1.196159720420837402e+00
-5.939959883689880371e-01
-1.617806434631347656e+00
6.188580393791198730e-01
2.168039560317993164e+00
-1.032570242881774902e+00
-5.161447525024414062e-01
-4.111497104167938232e-01
9.520289897918701172e-01
-9.420011043548583984e-01
4.885195195674896240e-02
4.408180713653564453e-01
4.097822308540344238e-02
-6.747710108757019043e-01
-9.543809890747070312e-01
2.566870450973510742e-01
-1.794796109199523926e+00
-7.593742012977600098e-02
5.783929228782653809e-01
-7.346070408821105957e-01
-5.547561645507812500e-01
-3.619664609432220459e-01
4.191176891326904297e-01
9.855275154113769531e-01
-5.046618580818176270e-01
-1.389881521463394165e-01
-1.751906633377075195e+00
-4.334262609481811523e-01
-3.596427440643310547e-01
-4.603529274463653564e-01
3.999024033546447754e-01
1.210279583930969238e+00
-4.763596057891845703e-01
1.280476331710815430e+00
4.916354417800903320e-01
3.115402460098266602e-01
-6.213400363922119141e-01
-6.321591734886169434e-01
-1.134529352188110352e+00
-1.142389416694641113e+00
2.370848804712295532e-01
-1.315074920654296875e+00
-5.645990967750549316e-01
5.454183220863342285e-01
-7.131900787353515625e-01
5.763596296310424805e-02
4.768485203385353088e-02
5.529776811599731445e-01
2.141134440898895264e-01
3.444796800613403320e-01
2.175885438919067383e+00
-1.928749978542327881e-01
5.274758934974670410e-01
1.923495769500732422e+00
-3.090572953224182129e-01
-9.230486750602722168e-01
1.596421718597412109e+00
2.687066495418548584e-01
-7.625017762184143066e-01
9.171708822250366211e-01
9.504655599594116211e-01
-9.014220833778381348e-01
-8.613927662372589111e-02
6.023692488670349121e-01
-1.076925516128540039e+00
-8.161022514104843140e-02
-3.432707488536834717e-01
9.312007427215576172e-01
-3.304890990257263184e-01
8.400042057037353516e-01
9.759871363639831543e-01
1.419028997421264648e+00
-1.594625830650329590e+00
2.124579250812530518e-01
2.006473541259765625e+00
1.706389427185058594e+00
-1.389814317226409912e-01
-3.400239646434783936e-01
7.742066383361816406e-01
-1.016577482223510742e+00
9.014950990676879883e-01
1.014045715332031250e+00
4.175354242324829102e-01
-4.928995370864868164e-01
-2.864006757736206055e-01
-1.616866290569305420e-01
1.057556271553039551e+00
-7.537969946861267090e-01
-1.404630899429321289e+00
1.164314627647399902e+00
2.149757146835327148e+00
-5.887064337730407715e-01
4.152022004127502441e-01
6.838731765747070312e-01
-7.710936069488525391e-01
-3.644862473011016846e-01
1.647453308105468750e+00
-9.822250008583068848e-01
-4.792140126228332520e-01
-1.227210015058517456e-01
5.740448832511901855e-01
-1.326125979423522949e+00
9.758458137512207031e-01
-7.693292945623397827e-02
-1.452133417129516602e+00
-5.818228721618652344e-01
-1.701762437820434570e+00
2.111263275146484375e-01
-4.676840603351593018e-01
-2.337694168090820312e-01
-8.747920989990234375e-01
-1.188386678695678711e-01
2.391160130500793457e-01
2.806876420974731445e+00
9.853105545043945312e-01
1.059565186500549316e+00
-4.320583343505859375e-01
-2.718015611171722412e-01
8.790113925933837891e-01
-7.768684625625610352e-01
6.830952167510986328e-01
4.514007568359375000e-01
-6.760638952255249023e-01
-7.445125579833984375e-01
1.122368693351745605e+00
2.830295562744140625e-01
1.616478711366653442e-01
-4.581475257873535156e-01
7.339729070663452148e-01
-5.057842731475830078e-01
-6.045244634151458740e-02
-7.881501317024230957e-02
-3.762085735797882080e-01
1.134151220321655273e-01
1.259870529174804688e+00
-5.257059335708618164e-01
9.944239854812622070e-01
-5.655834078788757324e-01
-1.072801232337951660e+00
2.719883322715759277e-01
-1.179837703704833984e+00
1.916337132453918457e+00
2.034809440374374390e-01
6.103277206420898438e-02
-3.466160297393798828e-01
4.803811013698577881e-01
-2.455444633960723877e-02
1.292264580726623535e+00
-3.507951200008392334e-01
2.609533071517944336e-02
3.387905955314636230e-01
1.529384553432464600e-01
-1.063154458999633789e+00
4.081825017929077148e-01
-7.645705938339233398e-01
7.265585064888000488e-01
-4.372317343950271606e-02
-3.274034261703491211e-01
4.589992761611938477e-01
1.582551598548889160e-01
-1.107063055038452148e+00
-4.268980920314788818e-01
5.807929039001464844e-01
1.708501935005187988e+00
-4.337649345397949219e-01
-3.366693556308746338e-01
-2.297246456146240234e-02
8.245514631271362305e-01
-1.070680022239685059e+00
2.494593262672424316e-01
-1.550452858209609985e-01
4.391585290431976318e-02
1.747491955757141113e-02
-1.052236557006835938e+00
1.310962915420532227e+00
-1.505784869194030762e+00
9.759077429771423340e-02
2.752629518508911133e-01
1.157610267400741577e-01
2.186446487903594971e-01
-2.020346224308013916e-01
-3.228676021099090576e-01
-1.166312336921691895e+00
-3.325049579143524170e-01
-1.430490374565124512e+00
-1.305535316467285156e+00
