6.791012287139892578e-01
1.519114971160888672e+00
-9.252741932868957520e-02
-4.527042210102081299e-01
-7.434498667716979980e-01
7.084002494812011719e-01
-1.252041459083557129e+00
-2.876991033554077148e-01
1.454823970794677734e+00
-1.584741771221160889e-01
-1.722957015037536621e+00
4.693574458360671997e-02
7.415831089019775391e-02
1.001781702041625977e+00
7.810126543045043945e-01
4.646787345409393311e-01
-2.299466431140899658e-01
-9.719713926315307617e-01
2.434794306755065918e-01
6.538451910018920898e-01
2.642270922660827637e-01
-7.342727184295654297e-01
-1.973795741796493530e-01
-9.319846630096435547e-01
9.803029894828796387e-01
3.754319250583648682e-01
2.793759405612945557e-01
3.773790895938873291e-01
6.463600993156433105e-01
-1.433651924133300781e+00
-6.082174777984619141e-01
-1.335875868797302246e+00
-7.544416189193725586e-02
-3.750635981559753418e-01
1.406927466392517090e+00
1.503036379814147949e+00
8.012202978134155273e-01
-1.613731384277343750e+00
4.751388728618621826e-01
-8.801613748073577881e-02
2.719847857952117920e-02
-1.572640538215637207e+00
8.422954082489013672e-01
1.298589944839477539e+00
3.190243244171142578e-01
5.435165762901306152e-02
1.856182813644409180e-01
1.043236732482910156e+00
-2.786685824394226074e-01
2.334362864494323730e-01
3.980999886989593506e-01
1.763736754655838013e-01
6.549615263938903809e-01
3.685314208269119263e-02
6.368797421455383301e-01
-3.757109045982360840e-01
8.491262793540954590e-03
-1.960631906986236572e-01
-1.659258604049682617e-01
-3.552454113960266113e-01
2.299786806106567383e+00
4.523339867591857910e-02
8.349952697753906250e-01
-1.200264096260070801e+00
3.938701152801513672e-01
-3.958344459533691406e-02
4.228312671184539795e-01
-1.186723113059997559e+00
1.164435148239135742e-01
-7.857399582862854004e-01
1.799069404602050781e+00
-5.164031386375427246e-01
-5.452038049697875977e-01
-4.206797480583190918e-01
7.773755788803100586e-01
1.746614694595336914e+00
1.064763545989990234e+00
-3.521257042884826660e-01
1.444172501564025879e+00
-6.665555834770202637e-01
-6.079528331756591797e-01
8.085972070693969727e-01
7.936471104621887207e-01
5.379915237426757812e-01
1.244584619998931885e-01
-1.381813585758209229e-01
4.139986932277679443e-01
5.191075801849365234e-02
1.674482345581054688e+00
-1.310022473335266113e-01
8.743163198232650757e-02
3.300736546516418457e-01
1.172391891479492188e+00
3.184353411197662354e-01
4.550520479679107666e-01
-5.789563655853271484e-01
-5.383995175361633301e-01
-1.380850523710250854e-01
2.012855708599090576e-01
-6.468753218650817871e-01
-4.415411651134490967e-01
1.311537504196166992e+00
5.694353580474853516e-01
1.609919309616088867e+00
3.168306350708007812e-01
-1.122441887855529785e-01
4.746926426887512207e-01
-4.004090130329132080e-01
-5.271449089050292969e-01
-3.878614008426666260e-01
2.773768007755279541e-01
9.433174133300781250e-02
-4.451475739479064941e-01
3.215527534484863281e-01
-1.327844262123107910e-01
-4.340460300445556641e-01
-7.820518612861633301e-01
-3.500763475894927979e-01
-7.258448004722595215e-01
3.672952055931091309e-01
5.340203046798706055e-01
4.577010273933410645e-01
5.744892358779907227e-01
1.072865843772888184e+00
5.023056864738464355e-01
8.431673049926757812e-02
1.068055272102355957e+00
5.418686568737030029e-02
1.617611050605773926e-01
-7.084315419197082520e-01
1.559667348861694336e+00
-1.638275384902954102e-01
3.700726330280303955e-01
-1.018133521080017090e+00
-3.939499855041503906e-01
8.364139795303344727e-01
-1.239252090454101562e+00
1.667435020208358765e-01
8.153805732727050781e-01
6.079409122467041016e-01
1.134989500045776367e+00
1.808972239494323730e+00
-6.541115045547485352e-01
-1.512283563613891602e+00
7.708897590637207031e-01
-6.762527823448181152e-01
-4.836590886116027832e-01
-1.141842126846313477e+00
-1.571327447891235352e-01
-3.097181320190429688e-01
3.907319307327270508e-01
8.313764929771423340e-01
1.575054526329040527e-01
1.064538002014160156e+00
1.658467352390289307e-01
-5.610340833663940430e-01
4.781146347522735596e-01
-9.031652659177780151e-02
-3.970737755298614502e-01
-1.249440550804138184e+00
-7.633351087570190430e-01
4.311602711677551270e-01
-4.857677817344665527e-01
4.469516873359680176e-02
9.443051815032958984e-01
6.314862966537475586e-01
5.890786647796630859e-02
7.140168547630310059e-01
-5.596525669097900391e-01
1.376163959503173828e-01
3.859892487525939941e-01
2.760535478591918945e-01
3.828787803649902344e-01
-4.646548926830291748e-01
-2.503216266632080078e-02
-3.243730962276458740e-01
4.891655445098876953e-01
3.721908032894134521e-01
-5.436465144157409668e-01
1.828982234001159668e-01
-5.050693750381469727e-01
1.296178221702575684e+00
9.703274071216583252e-02
3.592949509620666504e-01
1.201597690582275391e+00
-1.522866606712341309e+00
-1.151323556900024414e+00
4.299463033676147461e-01
2.184457927942276001e-01
-1.873086214065551758e+00
1.240418195724487305e+00
-3.542115911841392517e-02
1.561392307281494141e+00
-1.129111766815185547e+00
5.898529291152954102e-01
9.742820262908935547e-02
9.369075298309326172e-03
-1.306570172309875488e+00
1.621344685554504395e+00
-2.363767623901367188e-01
-3.674962520599365234e-01
-1.663927137851715088e-01
-8.186499774456024170e-02
2.634854316711425781e-01
9.901382923126220703e-01
7.355991005897521973e-02
5.354605913162231445e-01
-9.357589483261108398e-01
7.444936037063598633e-02
-6.145019829273223877e-02
6.685222387313842773e-01
2.220769882202148438e+00
1.022386312484741211e+00
-6.284525394439697266e-01
3.921368718147277832e-02
-4.935089051723480225e-01
6.206039190292358398e-01
5.289300680160522461e-01
4.851537942886352539e-01
-2.124612331390380859e-01
5.042007565498352051e-01
1.250136196613311768e-01
3.130439817905426025e-01
-1.984744071960449219e-01
-2.115500926971435547e+00
1.015426397323608398e+00
1.814130842685699463e-01
-4.240282177925109863e-01
-4.202722609043121338e-01
4.068091213703155518e-01
-7.166880369186401367e-01
-7.575869560241699219e-01
-1.126094937324523926e+00
-4.499107003211975098e-01
-5.539255142211914062e-01
4.986230134963989258e-01
1.421131491661071777e+00
-6.445682048797607422e-01
5.977824926376342773e-01
8.417227268218994141e-01
-1.047165155410766602e+00
1.213646888732910156e+00
2.815712690353393555e-01
4.340866208076477051e-02
-1.267470717430114746e+00
-4.402382969856262207e-01
1.312384843826293945e+00
1.717646121978759766e+00
-2.599255800247192383e+00
1.434016227722167969e-02
1.819256901741027832e+00
9.103535115718841553e-02
3.367310166358947754e-01
-4.023884534835815430e-01
1.778233051300048828e-01
-6.540352106094360352e-01
