5.906491875648498535e-01
2.838103771209716797e+00
-5.627954006195068359e-02
-8.075498044490814209e-02
-4.664718806743621826e-01
1.131615638732910156e+00
1.156636834144592285e+00
-6.121082305908203125e-01
5.315796732902526855e-01
-2.067936211824417114e-01
6.134495735168457031e-01
8.826658129692077637e-02
1.315791845321655273e+00
5.047398805618286133e-01
1.784871101379394531e+00
3.067852020263671875e+00
1.135462045669555664e+00
-8.180639147758483887e-01
1.843301653861999512e-01
7.362653613090515137e-01
-1.025808334350585938e+00
-2.576327919960021973e-01
-1.474920630455017090e+00
1.208378195762634277e+00
-2.544053196907043457e-01
-1.019868254661560059e-02
-1.377750039100646973e+00
-3.984679877758026123e-01
-1.831172406673431396e-01
2.563515305519104004e-01
1.994174480438232422e+00
4.034838378429412842e-01
-1.188164830207824707e+00
8.181347250938415527e-01
7.349301576614379883e-01
-6.124954223632812500e-01
1.422683954238891602e+00
-2.486595630645751953e+00
4.270188510417938232e-01
4.761571884155273438e-01
-9.247741103172302246e-01
6.349205970764160156e-03
4.794856011867523193e-01
-2.430936694145202637e-01
-1.071217536926269531e+00
1.293776750564575195e+00
-3.417328000068664551e-01
-5.033791661262512207e-01
1.106688737869262695e+00
-8.343398571014404297e-01
-9.917064905166625977e-01
-2.386679351329803467e-01
1.897976160049438477e+00
1.579839110374450684e+00
9.973160624504089355e-01
1.275193095207214355e-01
8.626625537872314453e-01
-1.974751949310302734e+00
-1.774511098861694336e+00
-1.822371482849121094e+00
-2.953758835792541504e-01
3.022702932357788086e-01
-2.467615455389022827e-01
-7.300088405609130859e-01
1.070037484169006348e+00
1.138403654098510742e+00
2.608770370483398438e+00
5.847566127777099609e-01
-4.414517879486083984e-01
8.353441357612609863e-01
1.531835556030273438e+00
3.559493422508239746e-01
1.704201698303222656e+00
-4.729887545108795166e-01
1.111469984054565430e+00
4.589430093765258789e-01
-1.692762613296508789e+00
-8.465920090675354004e-01
1.962073296308517456e-01
2.283821582794189453e+00
2.833150148391723633e+00
-1.031022191047668457e+00
-9.545511603355407715e-01
1.808959722518920898e+00
1.496624469757080078e+00
7.236008048057556152e-01
-1.010966062545776367e+00
-8.521592617034912109e-01
-3.520984053611755371e-01
1.065074682235717773e+00
-1.141788959503173828e+00
3.954380750656127930e-01
2.634841203689575195e-01
-7.857522368431091309e-01
1.069032669067382812e+00
-8.292668461799621582e-01
-5.282320976257324219e-01
5.415348410606384277e-01
3.906022310256958008e-01
5.101506710052490234e-01
-2.000133275985717773e+00
-1.017253160476684570e+00
-4.873867928981781006e-01
1.897826671600341797e+00
2.935158610343933105e-01
-3.534581065177917480e-01
-8.870658874511718750e-01
-4.054070711135864258e-01
3.758406639099121094e-01
1.068449854850769043e+00
9.779958724975585938e-01
-8.496063947677612305e-02
-4.229946136474609375e-01
5.322156548500061035e-01
5.902106165885925293e-01
-1.248714447021484375e+00
-4.495435953140258789e-01
4.448245465755462646e-01
-9.752179980278015137e-01
-9.466429352760314941e-01
-8.767820000648498535e-01
-2.655344009399414062e-01
-1.046196222305297852e+00
-2.108475565910339355e-01
-3.090738058090209961e-01
1.367280483245849609e+00
-1.081970453262329102e+00
-4.120990633964538574e-01
-1.490950584411621094e-01
8.470753431320190430e-01
9.469137191772460938e-01
3.349724411964416504e-02
-6.472574472427368164e-01
3.909642398357391357e-01
8.574384450912475586e-02
-1.016362071037292480e+00
2.379518300294876099e-01
-6.429879069328308105e-01
6.325423121452331543e-01
-1.649050116539001465e+00
-4.346153438091278076e-01
-1.105983614921569824e+00
2.366721928119659424e-01
-2.231557518243789673e-01
8.054581880569458008e-01
-1.157297372817993164e+00
-9.363313913345336914e-01
1.414079070091247559e+00
-1.077966332435607910e+00
-7.339138388633728027e-01
1.105935096740722656e+00
-5.358039140701293945e-01
-1.225490331649780273e+00
-2.753460884094238281e+00
-1.456685364246368408e-01
1.074204742908477783e-01
5.075494050979614258e-01
-4.570044875144958496e-01
-1.542141914367675781e+00
1.275188922882080078e+00
-1.977324485778808594e+00
-6.177376508712768555e-01
1.823427379131317139e-01
9.786916524171829224e-02
-5.957734584808349609e-01
-1.918117046356201172e+00
-1.607489585876464844e+00
4.090205132961273193e-01
-3.204253315925598145e-01
2.501025199890136719e-01
-1.567034482955932617e+00
-1.669849306344985962e-01
4.120769500732421875e-01
-1.190039634704589844e+00
4.470374062657356262e-02
9.248818159103393555e-01
2.839628756046295166e-01
5.725501775741577148e-01
-1.244874000549316406e+00
-5.768795013427734375e-01
-8.259371519088745117e-01
2.336578369140625000e+00
1.479364395141601562e+00
5.967675447463989258e-01
-4.640176594257354736e-01
-1.073289155960083008e+00
-6.296894550323486328e-01
-2.900946736335754395e-01
2.691662907600402832e-01
-7.948470711708068848e-01
5.928081870079040527e-01
1.050209999084472656e+00
-2.964365482330322266e-01
9.107417464256286621e-01
1.835616230964660645e+00
-4.213713407516479492e-01
-3.114960491657257080e-01
-6.979776620864868164e-01
1.452170133590698242e+00
-3.548304438591003418e-01
-1.267883479595184326e-01
7.059640884399414062e-01
-8.620114922523498535e-01
-1.364225625991821289e+00
2.105545997619628906e+00
3.154048025608062744e-01
3.092850744724273682e-01
-4.297905564308166504e-01
-1.092444419860839844e+00
1.329244971275329590e-01
1.542381763458251953e+00
-1.240461707115173340e+00
1.190105915069580078e+00
5.010027885437011719e-01
1.261021196842193604e-01
1.193165779113769531e-03
-1.147538781166076660e+00
-6.241072416305541992e-01
5.465732216835021973e-01
6.784878969192504883e-01
-1.823007762432098389e-01
3.609968721866607666e-02
1.073555111885070801e+00
-1.703900933265686035e+00
1.429242730140686035e+00
-1.792151451110839844e+00
-1.281988024711608887e-01
-5.160975456237792969e-01
-4.990575611591339111e-01
1.209273695945739746e+00
-1.486013650894165039e+00
1.976783037185668945e+00
-8.936843872070312500e-01
-1.316181063652038574e+00
1.139075398445129395e+00
7.996469736099243164e-01
-8.215901851654052734e-01
-2.307597994804382324e-01
1.389639258384704590e+00
3.983862400054931641e-01
3.920881450176239014e-02
-2.486893236637115479e-01
7.997660636901855469e-01
-1.600116610527038574e+00
-6.551501750946044922e-01
-1.281561970710754395e+00
1.077658534049987793e-01
1.435839414596557617e+00
1.378489732742309570e-01
-1.470240503549575806e-01
-1.179805278778076172e+00
-2.775503098964691162e-01
-1.990177035331726074e-01
-1.820074558258056641e+00
1.270802736282348633e+00
6.870822906494140625e-01
