1.192002296447753906e+00
2.469972610473632812e+00
-1.895888447761535645e-01
3.313925862312316895e-01
4.981367588043212891e-01
5.582146644592285156e-01
9.961051940917968750e-01
-4.264314174652099609e-01
2.529581487178802490e-01
5.409871339797973633e-01
9.568397402763366699e-01
-4.576136171817779541e-01
1.881916522979736328e+00
5.824658274650573730e-01
4.221576750278472900e-01
1.879335165023803711e+00
4.420022964477539062e-01
2.359930574893951416e-01
1.609104037284851074e+00
-3.873994946479797363e-02
6.665001064538955688e-02
9.343910217285156250e-02
8.719909191131591797e-02
-3.755742311477661133e-01
5.074526071548461914e-01
7.484252452850341797e-01
-1.556380391120910645e+00
-4.112923145294189453e-01
1.004842996597290039e+00
3.074733316898345947e-01
1.334711194038391113e+00
1.073269367218017578e+00
3.021435737609863281e-01
1.394945621490478516e+00
1.657477617263793945e+00
-8.011165261268615723e-01
9.854141473770141602e-01
6.406140923500061035e-01
6.437627673149108887e-01
9.405909180641174316e-01
-7.434751987457275391e-01
-7.369604110717773438e-01
9.959606528282165527e-01
-7.425875663757324219e-01
-5.784149765968322754e-01
1.748269081115722656e+00
3.452315628528594971e-01
1.061975121498107910e+00
3.534750342369079590e-01
-7.057047486305236816e-01
-9.144865274429321289e-01
6.789982318878173828e-02
1.181238770484924316e+00
1.000944018363952637e+00
2.292491346597671509e-01
-1.010764241218566895e+00
6.134097576141357422e-01
-1.141017317771911621e+00
-1.720564514398574829e-01
-7.248891592025756836e-01
9.603783488273620605e-02
7.678455114364624023e-01
-3.858842253684997559e-01
5.057506561279296875e-01
1.937746405601501465e-01
2.463650465011596680e+00
1.038188576698303223e+00
8.115351200103759766e-03
-1.092250049114227295e-01
-1.994834989309310913e-01
5.228620767593383789e-01
7.322404384613037109e-01
-1.727142184972763062e-01
-4.722680747509002686e-01
1.371638536453247070e+00
-9.759843349456787109e-01
-7.537615299224853516e-01
-8.380995988845825195e-01
3.644489347934722900e-01
6.795244812965393066e-01
3.157278001308441162e-01
-2.651693820953369141e-01
1.200915575027465820e+00
8.801325559616088867e-01
1.824869155883789062e+00
6.777018308639526367e-03
-1.314020514488220215e+00
5.746220350265502930e-01
2.868387401103973389e-01
2.048004567623138428e-01
7.238670587539672852e-01
1.236785054206848145e+00
-5.782834291458129883e-01
4.650799930095672607e-01
5.042915940284729004e-01
4.053555428981781006e-01
-1.066458225250244141e+00
-5.112257003784179688e-01
1.280151009559631348e+00
-5.087832808494567871e-01
-1.010401964187622070e+00
-1.084563612937927246e+00
-6.509977579116821289e-01
2.764863014221191406e+00
-4.758744537830352783e-01
1.896424405276775360e-02
3.868476152420043945e-01
5.347118973731994629e-01
-1.515806466341018677e-02
1.061350464820861816e+00
1.621834993362426758e+00
1.100098133087158203e+00
1.748820245265960693e-01
-8.170791268348693848e-01
4.180335402488708496e-01
-3.019475638866424561e-01
-8.293406963348388672e-01
9.964822530746459961e-01
2.521129548549652100e-01
-9.321306943893432617e-01
-8.158789873123168945e-01
5.489211082458496094e-01
-2.259709239006042480e-01
1.278610229492187500e-01
-3.403696417808532715e-01
8.996467292308807373e-02
7.623177766799926758e-01
-8.901127427816390991e-02
-3.744137287139892578e-02
1.498347997665405273e+00
1.772173643112182617e+00
1.053787469863891602e+00
4.452888071537017822e-01
1.468697786331176758e+00
7.718167901039123535e-01
-1.516460627317428589e-01
1.074347853660583496e+00
-1.534881591796875000e+00
4.175471961498260498e-01
-3.975925445556640625e-01
-3.388008177280426025e-01
3.129324316978454590e-02
2.522682249546051025e-01
-1.370195746421813965e+00
6.436318159103393555e-02
-9.011974334716796875e-01
7.576360702514648438e-01
1.140043973922729492e+00
-9.774959683418273926e-01
-5.610254406929016113e-01
1.658526420593261719e+00
-9.774514436721801758e-01
-1.063823103904724121e+00
-1.012868046760559082e+00
-1.070176959037780762e+00
3.245536684989929199e-01
-1.606607437133789062e-01
-1.279813766479492188e+00
-6.899363398551940918e-01
1.371722936630249023e+00
-1.319673418998718262e+00
4.525406956672668457e-01
3.838215768337249756e-01
-5.255823731422424316e-01
-7.867383956909179688e-02
-6.648308038711547852e-02
-6.058250665664672852e-01
-6.384646892547607422e-02
8.101637363433837891e-01
-8.255550265312194824e-01
-8.247065544128417969e-01
1.184672951698303223e+00
2.428865432739257812e+00
-1.904517650604248047e+00
5.484082698822021484e-01
9.619646668434143066e-01
4.164558649063110352e-02
3.617383837699890137e-01
2.030582726001739502e-02
-3.940992057323455811e-01
4.508748054504394531e-01
1.544902563095092773e+00
7.158370018005371094e-01
-4.846328496932983398e-02
-7.533042877912521362e-02
-1.515407800674438477e+00
-7.037386298179626465e-01
-1.560026407241821289e-02
1.475863754749298096e-01
-1.604191660881042480e-01
-9.706737101078033447e-02
1.003695011138916016e+00
7.324253916740417480e-01
-6.803182512521743774e-02
1.145771503448486328e+00
8.258909583091735840e-01
-6.548872590065002441e-01
-2.926008701324462891e-01
5.733212232589721680e-01
3.086227178573608398e-02
-1.172452449798583984e+00
7.028052806854248047e-01
-1.930145144462585449e+00
7.186377644538879395e-01
1.054291129112243652e+00
-8.160509467124938965e-01
3.475209474563598633e-01
-1.707652807235717773e-01
-6.308140754699707031e-01
1.782976388931274414e-01
5.446054935455322266e-01
-1.038258790969848633e+00
1.705280542373657227e-01
2.273184061050415039e-02
-3.148929476737976074e-01
-1.177884340286254883e+00
6.311093568801879883e-01
-1.317288994789123535e+00
-1.057395339012145996e-01
1.249012708663940430e+00
-5.921035408973693848e-01
1.354846835136413574e+00
1.330079317092895508e+00
-7.718575596809387207e-01
1.637044072151184082e+00
-1.613337248563766479e-01
-2.613208889961242676e-01
-8.174130916595458984e-01
-1.674415469169616699e+00
-2.537746131420135498e-01
-1.658464908599853516e+00
3.959675133228302002e-01
-1.621302485466003418e+00
-3.473684489727020264e-01
2.904862165451049805e-02
-2.449134290218353271e-01
-5.514726042747497559e-01
1.506575644016265869e-01
1.648778200149536133e+00
-1.640627384185791016e-01
-9.007402062416076660e-01
4.825757145881652832e-01
5.915390253067016602e-01
2.013186216354370117e-01
-4.014157056808471680e-01
-1.028396368026733398e+00
3.310751318931579590e-01
1.383627176284790039e+00
3.107793629169464111e-01
4.677296280860900879e-01
-4.701891839504241943e-01
1.032486915588378906e+00
1.759441852569580078e+00
-8.917900323867797852e-01
8.654712438583374023e-01
-3.347271680831909180e-02
