1.842990159988403320e+00
2.159639358520507812e+00
1.929054558277130127e-01
-3.661701083183288574e-01
-1.867626309394836426e+00
-7.883984446525573730e-01
3.292816877365112305e-01
-4.319304227828979492e-01
1.497936844825744629e-01
8.898587226867675781e-01
6.485136747360229492e-01
-1.971224904060363770e+00
7.726187109947204590e-01
-4.876562058925628662e-01
1.749973535537719727e+00
1.929171800613403320e+00
7.027809619903564453e-01
3.647752404212951660e-01
9.520561695098876953e-01
6.922999620437622070e-01
2.784643173217773438e-01
2.643008232116699219e-01
-9.178700447082519531e-01
6.290236711502075195e-01
5.128457546234130859e-01
-4.158915281295776367e-01
-8.609165549278259277e-01
-5.389149785041809082e-01
1.109027743339538574e+00
3.101672530174255371e-01
1.291416168212890625e+00
-1.258993983268737793e+00
-8.435342311859130859e-01
-1.519715785980224609e-01
9.710687994956970215e-01
7.790834903717041016e-01
4.108254611492156982e-02
-1.942939043045043945e+00
9.121591448783874512e-01
-2.537816464900970459e-01
-1.815245449542999268e-01
5.952790379524230957e-02
-1.092849075794219971e-01
8.305713534355163574e-02
-3.514328002929687500e-01
1.491912961006164551e+00
-3.932799696922302246e-01
-1.135770082473754883e-01
8.556151390075683594e-02
-1.169914960861206055e+00
7.692025303840637207e-01
-3.183529973030090332e-01
9.385079741477966309e-01
3.407125771045684814e-01
8.991826176643371582e-01
2.995767891407012939e-01
2.761725783348083496e-01
-4.345095455646514893e-01
-1.314301013946533203e+00
-4.105982482433319092e-01
5.440909266471862793e-01
7.716587781906127930e-01
-2.678647637367248535e-02
8.278050422668457031e-01
8.237439393997192383e-01
9.326424598693847656e-01
1.595662236213684082e+00
1.121558189392089844e+00
3.286603391170501709e-01
-1.288383483886718750e+00
7.867473959922790527e-01
7.741383314132690430e-01
-2.022922039031982422e-01
3.948149681091308594e-01
3.768779039382934570e-01
6.206963062286376953e-01
-4.488448202610015869e-01
-8.492647409439086914e-01
-3.370967805385589600e-01
2.773130834102630615e-01
1.547189116477966309e+00
4.481002092361450195e-01
6.872990727424621582e-02
9.850622415542602539e-01
1.088109016418457031e+00
-4.566231369972229004e-01
-3.474842011928558350e-01
8.825607895851135254e-01
-1.198798418045043945e+00
1.152426898479461670e-01
-6.828513741493225098e-02
1.201549291610717773e+00
4.771476387977600098e-01
-6.231091022491455078e-01
1.095171272754669189e-01
6.418372988700866699e-01
2.425927817821502686e-01
1.648206710815429688e-01
2.812123596668243408e-01
-3.781935572624206543e-01
-1.099201440811157227e+00
-3.530894964933395386e-02
-3.877267241477966309e-01
1.201565146446228027e+00
-6.543873548507690430e-01
-5.747551321983337402e-01
-5.044450759887695312e-01
-1.600399017333984375e-01
4.513601660728454590e-01
5.223247781395912170e-02
3.784572482109069824e-01
2.430002093315124512e-01
-9.787823557853698730e-01
8.894078731536865234e-01
2.196642607450485229e-01
-3.930864334106445312e-01
9.329626709222793579e-02
8.059197068214416504e-01
-9.929007291793823242e-01
-2.163795381784439087e-01
-8.140377402305603027e-01
7.899561524391174316e-01
3.107594847679138184e-01
-5.512280464172363281e-01
-3.221675753593444824e-01
6.135640144348144531e-01
5.310616493225097656e-01
-1.041076660156250000e+00
-9.610137939453125000e-01
4.660516977310180664e-03
8.628781437873840332e-01
8.224942684173583984e-01
-2.727651894092559814e-01
1.055837869644165039e+00
3.080134689807891846e-01
-3.984500765800476074e-01
-1.190105319023132324e+00
-1.077362537384033203e+00
-1.681615859270095825e-01
-4.094251394271850586e-01
1.208163857460021973e+00
6.536372900009155273e-01
8.729785680770874023e-01
-1.376696527004241943e-01
3.353894948959350586e-01
6.159017682075500488e-01
4.184666275978088379e-01
1.958239793777465820e+00
3.461630940437316895e-01
2.890782356262207031e-01
1.385215520858764648e+00
-5.938404798507690430e-01
-6.606079936027526855e-01
-8.778929710388183594e-01
-2.065915912389755249e-01
-1.370472013950347900e-01
1.304070472717285156e+00
-4.179187417030334473e-01
7.136005163192749023e-02
1.176639080047607422e+00
-9.098449945449829102e-01
5.268930196762084961e-01
-8.239305615425109863e-01
6.860084533691406250e-01
-8.768832087516784668e-01
1.642493903636932373e-01
6.493856906890869141e-01
3.804183602333068848e-01
1.157395243644714355e-01
-1.677782535552978516e-01
-1.264453887939453125e+00
7.387837171554565430e-01
1.043683648109436035e+00
-6.116853952407836914e-01
-3.941791951656341553e-01
8.760520219802856445e-01
-3.291500806808471680e-01
-1.373378783464431763e-01
-1.159820795059204102e+00
-4.848958253860473633e-01
9.292416274547576904e-02
1.269869565963745117e+00
6.614817380905151367e-01
3.791676759719848633e-01
1.098638698458671570e-01
-1.495551109313964844e+00
2.907811701297760010e-01
-2.971035838127136230e-01
1.552247047424316406e+00
-1.188446730375289917e-01
-7.507162094116210938e-01
3.292506933212280273e-02
1.077592253684997559e+00
5.702068805694580078e-01
1.524475097656250000e+00
3.393193483352661133e-01
-1.656317114830017090e-01
-1.291999459266662598e+00
9.473967552185058594e-02
5.504831075668334961e-01
3.020559251308441162e-02
-6.413333117961883545e-03
-9.868122339248657227e-01
-1.249322652816772461e+00
7.695813179016113281e-01
2.516488432884216309e-01
5.713897347450256348e-01
-5.652340054512023926e-01
-7.147220373153686523e-01
5.649238824844360352e-01
1.534245371818542480e+00
6.163270771503448486e-02
1.215716123580932617e+00
6.179633140563964844e-01
-9.516336917877197266e-01
1.742043495178222656e-01
-4.026097059249877930e-01
-3.835386335849761963e-01
-4.941910505294799805e-01
1.191629171371459961e+00
-9.547247290611267090e-01
3.495274186134338379e-01
7.542577981948852539e-01
-3.005737662315368652e-01
8.997511863708496094e-01
1.858630180358886719e-01
-1.427107453346252441e-01
3.801816701889038086e-01
-7.783796191215515137e-01
4.116308391094207764e-01
-3.651335835456848145e-01
2.532840371131896973e-01
-1.281005620956420898e+00
-7.085938751697540283e-02
-2.371800541877746582e-01
-8.602427840232849121e-01
-6.461912393569946289e-01
-2.974250614643096924e-01
1.291421055793762207e+00
1.808449268341064453e+00
-1.037621736526489258e+00
1.431706905364990234e+00
9.789378643035888672e-01
7.145988941192626953e-02
-6.481760144233703613e-01
-2.401513457298278809e-01
-4.974954724311828613e-01
1.723675012588500977e+00
1.892669498920440674e-01
-6.063590049743652344e-01
-1.402334928512573242e+00
-3.409156799316406250e-01
5.504632592201232910e-01
-2.293445348739624023e+00
5.918916463851928711e-01
-3.761765956878662109e-01
