-1.439728021621704102e+00
3.451565265655517578e+00
-9.759664535522460938e-03
-9.250974655151367188e-01
-6.969237327575683594e-02
1.605606198310852051e+00
8.529033064842224121e-01
-4.966225922107696533e-01
6.492778062820434570e-01
-5.170803070068359375e-01
-5.644332170486450195e-01
-7.754380255937576294e-02
8.924772739410400391e-01
-1.710404157638549805e-01
1.188731908798217773e+00
1.858712792396545410e+00
2.253902196884155273e+00
8.096066117286682129e-02
3.352772593498229980e-01
8.300375938415527344e-02
-1.254844427108764648e+00
7.390455007553100586e-01
1.384797096252441406e-01
2.105912685394287109e+00
5.004263520240783691e-01
8.898274898529052734e-01
-5.256118178367614746e-01
6.295793056488037109e-01
5.617147684097290039e-01
1.132204234600067139e-01
2.440494775772094727e+00
-8.356453180313110352e-01
-1.569792032241821289e+00
6.843043565750122070e-01
2.290235996246337891e+00
-5.666962265968322754e-01
1.352042675018310547e+00
-1.963468432426452637e+00
6.343536376953125000e-01
6.541283130645751953e-01
-6.228792071342468262e-01
-1.178534746170043945e+00
2.405757904052734375e+00
-7.601093053817749023e-01
-4.419035911560058594e-01
4.670762121677398682e-01
-4.124475717544555664e-01
-9.664207696914672852e-02
3.703303933143615723e-01
-4.952129125595092773e-01
-1.157219648361206055e+00
-4.890288710594177246e-01
1.789088487625122070e+00
8.090778589248657227e-01
1.271090745925903320e+00
4.665702581405639648e-03
4.986907541751861572e-01
-1.545112490653991699e+00
-2.210334062576293945e+00
-8.833327293395996094e-01
-1.552501916885375977e+00
-2.657572925090789795e-02
6.582925915718078613e-01
2.293175160884857178e-01
9.147914648056030273e-01
1.391166567802429199e+00
2.110420942306518555e+00
9.627381563186645508e-01
-7.981594800949096680e-01
1.044217348098754883e+00
2.102905511856079102e+00
-2.708171606063842773e-01
1.632977724075317383e+00
-1.425179123878479004e+00
4.639782607555389404e-01
1.531505346298217773e+00
-1.086896538734436035e+00
-4.772962927818298340e-01
5.679318904876708984e-01
2.092030286788940430e+00
1.888921976089477539e+00
-6.972509026527404785e-01
-1.094805955886840820e+00
2.346059322357177734e+00
2.034609794616699219e+00
1.642221450805664062e+00
-9.803797006607055664e-01
-7.712949514389038086e-01
1.304582953453063965e+00
4.398254156112670898e-01
3.610372841358184814e-01
1.147217750549316406e-01
5.435755252838134766e-01
3.359407782554626465e-01
1.219352245330810547e+00
-1.234114885330200195e+00
-2.744675874710083008e-01
6.345122456550598145e-01
-7.238507270812988281e-01
-5.122858881950378418e-01
-1.462402820587158203e+00
-1.035206794738769531e+00
-1.002224802970886230e+00
2.029534816741943359e+00
-4.913433194160461426e-01
6.204181909561157227e-01
-4.676552414894104004e-01
-3.723118305206298828e-01
-4.026123136281967163e-02
5.791349709033966064e-02
-4.058541059494018555e-01
7.328900694847106934e-01
-7.573243379592895508e-01
9.920769929885864258e-02
1.952514946460723877e-01
-1.407154321670532227e+00
-8.943220973014831543e-01
8.536571860313415527e-01
-1.324566721916198730e+00
-1.116404652595520020e+00
1.109061092138290405e-01
-3.975610733032226562e-01
-1.416881084442138672e+00
-9.350724220275878906e-01
-1.815295219421386719e-01
3.367664813995361328e-01
-1.035150289535522461e+00
-1.353162825107574463e-01
9.153831005096435547e-01
1.087183117866516113e+00
5.260883569717407227e-01
5.482673048973083496e-01
-1.379994630813598633e+00
6.496803164482116699e-01
9.781921505928039551e-01
-3.276956081390380859e-01
1.607020497322082520e-01
-1.038611292839050293e+00
8.844828605651855469e-01
-1.582593083381652832e+00
8.796199560165405273e-01
-6.796164512634277344e-01
1.335452795028686523e+00
6.811285614967346191e-01
1.394563198089599609e+00
-8.390519618988037109e-01
-1.755100965499877930e+00
5.226777791976928711e-01
-1.819251298904418945e+00
-7.794631123542785645e-01
1.256246209144592285e+00
4.529680013656616211e-01
-9.232489466667175293e-01
-2.477520465850830078e+00
-1.014614224433898926e+00
1.711283922195434570e-01
1.479607462882995605e+00
-3.876179456710815430e-02
-1.754808783531188965e+00
1.824708342552185059e+00
-8.239231705665588379e-01
-5.500661134719848633e-01
-2.572362124919891357e-01
7.534313797950744629e-01
-1.813489913940429688e+00
-1.588215112686157227e+00
-1.368922144174575806e-01
3.354237973690032959e-01
-6.316539049148559570e-01
-7.210915088653564453e-01
4.918520152568817139e-02
2.964968383312225342e-01
4.337278604507446289e-01
-3.744389414787292480e-01
-2.749417722225189209e-01
6.527268290519714355e-01
-2.991169691085815430e-02
9.654371738433837891e-01
-7.333198785781860352e-01
-1.302599310874938965e+00
-1.086669921875000000e+00
2.079102516174316406e+00
1.922811508178710938e+00
1.035428494215011597e-01
-8.702435493469238281e-01
-2.374266624450683594e+00
-6.262938380241394043e-01
-1.616260111331939697e-01
5.429028272628784180e-01
-5.284428596496582031e-01
5.366744399070739746e-01
-1.581385731697082520e-01
-8.545660972595214844e-01
1.191751599311828613e+00
8.126159310340881348e-01
1.033841729164123535e+00
-2.045661062002182007e-01
-1.482769608497619629e+00
6.713128685951232910e-01
1.585120558738708496e-01
3.183180838823318481e-02
2.943509817123413086e-01
-1.479849934577941895e+00
-1.823858499526977539e+00
9.039624929428100586e-01
9.187236428260803223e-02
5.482385754585266113e-01
2.241719365119934082e-01
-4.945875108242034912e-01
2.761745452880859375e-01
1.315253376960754395e+00
-7.473796606063842773e-01
1.133236050605773926e+00
-5.296318233013153076e-02
-2.293691933155059814e-01
-1.481075048446655273e+00
-7.411996126174926758e-01
2.653598487377166748e-01
2.251138687133789062e+00
1.358033895492553711e+00
-4.973779022693634033e-01
6.490379571914672852e-02
2.665470242500305176e-01
-1.956956863403320312e+00
1.732731103897094727e+00
2.114341706037521362e-01
-1.389777064323425293e+00
-4.869666397571563721e-01
-1.317994356155395508e+00
1.975251138210296631e-01
-9.485716223716735840e-01
1.898532748222351074e+00
-1.680831313133239746e+00
-1.426386713981628418e+00
3.369316458702087402e-03
1.027840852737426758e+00
-5.804299712181091309e-01
-1.271567225456237793e+00
1.496191501617431641e+00
-1.388736367225646973e-01
8.637634515762329102e-01
-1.172443032264709473e+00
9.033397436141967773e-01
2.400813400745391846e-01
-1.452253222465515137e+00
-4.107058048248291016e-01
1.679341495037078857e-01
1.609667062759399414e+00
4.664710462093353271e-01
-3.725490570068359375e-01
-6.192192435264587402e-01
-3.149599134922027588e-01
5.426384210586547852e-01
-7.330247163772583008e-01
2.720440387725830078e+00
-1.499348282814025879e-01
