1.134940743446350098e+00
2.391475915908813477e+00
-8.401547074317932129e-01
-1.013030260801315308e-01
-1.117572262883186340e-01
-6.519907116889953613e-01
1.099659919738769531e+00
3.258102834224700928e-01
1.173763394355773926e+00
1.726689100265502930e+00
1.581393957138061523e+00
-1.123757362365722656e+00
8.401987552642822266e-01
3.091215491294860840e-01
2.182809412479400635e-01
2.168616056442260742e+00
1.325065612792968750e+00
-1.821273326873779297e+00
5.826388001441955566e-01
1.151355504989624023e-01
4.826492071151733398e-01
1.690371751785278320e+00
-5.278338193893432617e-01
4.254832267761230469e-01
8.092406988143920898e-01
2.085918337106704712e-01
-1.600683093070983887e+00
-5.389255285263061523e-01
6.591658592224121094e-01
4.028582870960235596e-01
1.282297253608703613e+00
-4.484972357749938965e-01
2.336873114109039307e-01
8.848599791526794434e-01
8.819657564163208008e-01
1.201876699924468994e-01
1.682215929031372070e-01
-1.596332192420959473e-01
6.336327791213989258e-01
-9.700052142143249512e-01
-1.376645684242248535e+00
9.599445462226867676e-01
-5.241556167602539062e-01
-6.687211990356445312e-02
-8.318774700164794922e-01
6.402165889739990234e-01
1.820693612098693848e-01
4.810904860496520996e-01
7.544646859169006348e-01
-4.173644483089447021e-01
-4.983822405338287354e-01
-3.439104557037353516e-02
6.851059198379516602e-01
4.203675389289855957e-01
-6.146414875984191895e-01
-8.116101026535034180e-01
9.717144370079040527e-01
-1.016490578651428223e+00
-7.763348221778869629e-01
-1.095950365066528320e+00
9.578473567962646484e-01
1.548746585845947266e+00
-6.114243865013122559e-01
-1.048955798149108887e+00
2.110630422830581665e-01
1.551621198654174805e+00
2.713493347167968750e+00
3.811332881450653076e-01
5.322504043579101562e-02
-7.243040204048156738e-02
3.284296691417694092e-01
-1.927526295185089111e-01
1.577160120010375977e+00
-3.512648940086364746e-01
1.653570771217346191e+00
-5.385161638259887695e-01
-1.712472796440124512e+00
-9.736422300338745117e-01
-9.223005175590515137e-01
2.614182233810424805e+00
1.456577539443969727e+00
5.637123584747314453e-01
2.167695164680480957e-01
1.038985252380371094e+00
8.027858734130859375e-01
1.308481931686401367e+00
-9.312578439712524414e-01
-6.135078668594360352e-01
6.712756156921386719e-01
8.543413877487182617e-01
7.766138911247253418e-01
7.025984525680541992e-01
3.267265558242797852e-01
-4.400233626365661621e-01
1.205310583114624023e+00
6.855092048645019531e-01
-8.771911859512329102e-01
-1.205289006233215332e+00
7.013059854507446289e-01
7.036291360855102539e-01
-1.642361164093017578e+00
-8.654104471206665039e-01
-6.805905699729919434e-01
1.081833600997924805e+00
-9.725138545036315918e-01
3.595812916755676270e-01
1.248974680900573730e+00
-7.589924335479736328e-01
-1.608391851186752319e-01
1.474694490432739258e+00
1.609205603599548340e+00
4.994856715202331543e-01
-5.259407758712768555e-01
-1.946987807750701904e-01
-4.746553003787994385e-01
-8.116981983184814453e-01
5.232551693916320801e-01
5.488695204257965088e-02
2.860772609710693359e-02
-1.209827780723571777e+00
-6.840972304344177246e-01
8.113917708396911621e-02
1.278280019760131836e-01
3.642091453075408936e-01
2.727887034416198730e-01
-7.084060907363891602e-01
-7.359075546264648438e-01
-8.677612543106079102e-01
-5.191286206245422363e-01
1.154155254364013672e+00
9.318138360977172852e-01
8.562362194061279297e-01
2.317843437194824219e-01
-4.265907406806945801e-02
-1.718971580266952515e-01
3.907353579998016357e-01
-5.038670301437377930e-01
-9.324261546134948730e-01
-8.838698267936706543e-02
-1.340626120567321777e+00
7.786086201667785645e-02
-2.091557085514068604e-01
1.233007788658142090e+00
-9.037660807371139526e-02
1.359632372856140137e+00
6.791651248931884766e-02
-3.289749324321746826e-01
5.526688694953918457e-01
-1.159730911254882812e+00
-2.842295765876770020e-01
1.309010982513427734e+00
-8.677801489830017090e-02
-1.039755582809448242e+00
-1.180745661258697510e-01
-1.148830175399780273e+00
4.101179242134094238e-01
8.053628206253051758e-01
3.595948219299316406e-02
-6.551852226257324219e-01
2.430227756500244141e+00
-8.465054035186767578e-01
8.020746707916259766e-01
2.298749536275863647e-01
-9.215844422578811646e-02
-1.189681410789489746e+00
5.637344717979431152e-01
-2.579346179962158203e+00
-3.637778386473655701e-02
2.552038729190826416e-01
5.104461312294006348e-01
9.734433889389038086e-02
-6.632378101348876953e-01
1.542169809341430664e+00
-1.009915590286254883e+00
-1.902731060981750488e-01
1.369337916374206543e+00
-2.896153628826141357e-01
6.169320940971374512e-01
-3.563487231731414795e-01
-4.073249101638793945e-01
-7.914599180221557617e-01
1.542293310165405273e+00
8.078922629356384277e-01
6.646751165390014648e-01
-8.348717093467712402e-01
-8.516834378242492676e-01
-5.865545868873596191e-01
3.027355968952178955e-01
4.687079489231109619e-01
-1.409322395920753479e-02
-1.194270402193069458e-01
9.595293998718261719e-01
1.198057174682617188e+00
1.126991391181945801e+00
2.176743268966674805e+00
1.031756877899169922e+00
-1.521026253700256348e+00
6.732891798019409180e-01
2.243203222751617432e-01
1.679142713546752930e-01
7.798727154731750488e-01
1.238574028015136719e+00
-1.663311123847961426e+00
5.290673971176147461e-01
1.573444485664367676e+00
1.218576431274414062e-01
6.017934083938598633e-01
9.458553791046142578e-01
-2.566329240798950195e-01
-1.558857262134552002e-01
1.700174510478973389e-01
-4.877676069736480713e-01
5.067557096481323242e-01
8.646178245544433594e-01
-5.148500204086303711e-01
6.821632385253906250e-02
-1.521076560020446777e-01
-1.235265731811523438e+00
7.633675932884216309e-01
1.597807645797729492e+00
-2.669535577297210693e-01
3.862614035606384277e-01
-3.671864867210388184e-01
-9.116215705871582031e-01
4.119421541690826416e-02
-5.488872528076171875e-01
5.661401152610778809e-02
2.398404479026794434e-02
-1.306703567504882812e+00
-2.761072516441345215e-01
-7.073783278465270996e-01
1.489627003669738770e+00
-1.825433015823364258e+00
-7.446740865707397461e-01
-6.250457763671875000e-01
-9.464266896247863770e-01
-6.935651898384094238e-01
-3.826390504837036133e-01
1.638531684875488281e+00
-1.181883335113525391e+00
-1.704493284225463867e+00
-4.992964863777160645e-02
-8.218511939048767090e-02
-3.100396394729614258e-01
-2.283325046300888062e-01
-4.499625563621520996e-01
1.241625070571899414e+00
1.557924032211303711e+00
-5.014274716377258301e-01
3.695285916328430176e-01
-8.484734296798706055e-01
-4.077077507972717285e-01
1.541253477334976196e-01
-5.642750263214111328e-01
-2.815071642398834229e-01
3.877433240413665771e-01
