-3.463798165321350098e-01
1.692696094512939453e+00
3.685042262077331543e-02
1.052064299583435059e-01
-1.279688477516174316e+00
3.580282330513000488e-01
-6.286291778087615967e-02
1.782340407371520996e-01
9.656648039817810059e-01
4.003941416740417480e-01
3.703355193138122559e-01
2.388232350349426270e-01
4.685452580451965332e-02
8.873195052146911621e-01
1.627289772033691406e+00
9.973200559616088867e-01
2.413463592529296875e-02
-8.293429613113403320e-01
6.465138196945190430e-01
2.666264176368713379e-01
-2.399916350841522217e-01
-8.114599585533142090e-01
-1.031794548034667969e+00
-4.843297600746154785e-02
1.201562166213989258e+00
2.878335714340209961e-01
-8.434400707483291626e-02
4.390701055526733398e-01
1.072287037968635559e-01
-3.183856010437011719e-01
1.404016375541687012e+00
1.002790927886962891e-01
-1.617652773857116699e-01
9.102389216423034668e-01
1.465209484100341797e+00
-1.129113793373107910e+00
6.420805454254150391e-01
-1.595425128936767578e+00
4.468670189380645752e-01
3.907535672187805176e-01
6.638062000274658203e-01
-2.536575794219970703e-01
1.626222610473632812e+00
-4.251635074615478516e-01
-1.112109065055847168e+00
1.049089789390563965e+00
-2.048656195402145386e-01
-9.411652088165283203e-01
4.922632277011871338e-01
-6.226464509963989258e-01
-8.762292861938476562e-01
3.397033214569091797e-01
7.812687754631042480e-01
8.787471055984497070e-02
2.753798365592956543e-01
1.120281577110290527e+00
-5.306004285812377930e-01
-7.581051588058471680e-01
-1.076965928077697754e+00
-2.607336342334747314e-01
-7.699940204620361328e-01
-1.074830651283264160e+00
-1.548362374305725098e-01
5.032519102096557617e-01
5.571236610412597656e-01
7.194963097572326660e-02
9.101929068565368652e-01
1.522477567195892334e-01
7.653687000274658203e-01
2.624858319759368896e-01
1.172338485717773438e+00
-7.635347545146942139e-02
3.855831027030944824e-01
-1.329514145851135254e+00
9.154035449028015137e-01
-7.914314270019531250e-01
-7.333287596702575684e-01
-5.322479009628295898e-01
1.869148164987564087e-01
6.067831516265869141e-01
4.725589156150817871e-01
-8.527777194976806641e-01
-1.593304634094238281e+00
1.318958282470703125e+00
1.219028472900390625e+00
6.098467111587524414e-02
8.716168999671936035e-02
-4.239797890186309814e-01
-7.375966310501098633e-01
7.330010533332824707e-01
9.086319208145141602e-01
2.777509987354278564e-01
-1.398345679044723511e-01
8.881552219390869141e-01
6.059398651123046875e-01
-4.786608219146728516e-01
-5.058148875832557678e-02
6.883537769317626953e-01
5.137219429016113281e-01
-2.543076872825622559e-01
-9.399756193161010742e-01
9.154805541038513184e-02
-8.220678567886352539e-01
1.813099145889282227e+00
3.181699514389038086e-01
-1.220801353454589844e+00
-3.477902114391326904e-01
1.745324730873107910e-01
9.228395223617553711e-01
1.013738393783569336e+00
3.213325142860412598e-01
-2.810825109481811523e-01
-1.372095346450805664e+00
-1.993165314197540283e-01
7.575396299362182617e-01
-7.815647721290588379e-01
-4.281274080276489258e-01
3.972793817520141602e-01
-1.781978368759155273e+00
-6.563223004341125488e-01
-3.417008519172668457e-01
1.208169907331466675e-01
-1.763807386159896851e-01
-8.701145648956298828e-03
-2.730818986892700195e-01
5.788155794143676758e-01
8.871936798095703125e-01
9.728579521179199219e-01
8.344829082489013672e-01
2.722691595554351807e-01
5.618454217910766602e-01
6.504559516906738281e-02
-7.006301879882812500e-01
2.496800273656845093e-01
3.636289238929748535e-01
8.131873607635498047e-01
-7.853455543518066406e-01
-5.573059320449829102e-01
-5.396309494972229004e-02
7.111659049987792969e-01
5.525754690170288086e-01
2.591589689254760742e-01
3.558155149221420288e-02
-3.400896191596984863e-01
9.363055974245071411e-02
-1.216543912887573242e+00
-4.101361632347106934e-01
5.905759334564208984e-01
-1.008779883384704590e+00
-1.285603284835815430e+00
3.934778571128845215e-01
-8.568399548530578613e-01
-1.576734542846679688e+00
-1.292007684707641602e+00
-8.922321796417236328e-01
8.321022987365722656e-01
4.568068683147430420e-01
-1.125709056854248047e+00
-9.250109195709228516e-01
1.030245780944824219e+00
-1.114572882652282715e+00
8.760062456130981445e-01
-5.344547629356384277e-01
-4.767169356346130371e-01
-6.870265007019042969e-01
1.658993661403656006e-01
4.673302173614501953e-02
-3.025975823402404785e-02
1.842236816883087158e-01
-6.986767053604125977e-01
1.018355041742324829e-01
-9.265458583831787109e-02
3.621012866497039795e-01
-5.964953303337097168e-01
-3.570923805236816406e-01
-2.462666034698486328e-01
-2.125534415245056152e-01
4.646594822406768799e-01
1.617864519357681274e-01
-6.628270149230957031e-01
-5.572742223739624023e-01
5.091751813888549805e-01
6.652606129646301270e-01
6.324434280395507812e-02
-8.552811145782470703e-01
-6.008965373039245605e-01
-2.113544046878814697e-01
4.714109897613525391e-01
3.978118002414703369e-01
-1.123596668243408203e+00
1.296872943639755249e-01
6.801466643810272217e-02
3.475533127784729004e-01
-4.462084770202636719e-01
1.317630052566528320e+00
1.458895921707153320e+00
-2.236013859510421753e-02
-1.325599908828735352e+00
1.290723979473114014e-01
7.332320809364318848e-01
-1.156296283006668091e-01
5.047136545181274414e-01
-1.410474777221679688e+00
-1.275614976882934570e+00
8.971310853958129883e-01
3.244514763355255127e-02
1.074965000152587891e+00
-2.093034088611602783e-01
-7.269010543823242188e-01
6.346513032913208008e-01
2.859297394752502441e-01
-3.156712353229522705e-01
-3.254167437553405762e-01
-7.386435270309448242e-01
5.883033871650695801e-01
-1.144217848777770996e-01
-7.950452566146850586e-01
-3.644138276576995850e-01
6.557421684265136719e-01
1.057658195495605469e+00
8.127510547637939453e-02
-4.169553220272064209e-01
5.985299348831176758e-01
-1.026973605155944824e+00
1.826193451881408691e+00
3.310098946094512939e-01
3.066115826368331909e-02
-5.612956285476684570e-01
-2.030913114547729492e+00
5.149555802345275879e-01
-1.592904627323150635e-01
2.826236486434936523e-01
-9.179126024246215820e-01
-3.257466852664947510e-01
3.455825150012969971e-01
2.241739630699157715e-01
-8.581067323684692383e-01
-7.291496396064758301e-01
1.373034238815307617e+00
8.820291757583618164e-01
3.545265495777130127e-01
-9.263468384742736816e-01
7.276073694229125977e-01
-7.131770253181457520e-03
-4.813587665557861328e-01
-5.321070551872253418e-02
9.370732903480529785e-01
1.089644551277160645e+00
-2.662973105907440186e-02
1.175483465194702148e-01
-1.006590604782104492e+00
4.922210574150085449e-01
3.331694900989532471e-01
-7.112872004508972168e-01
1.315355181694030762e+00
8.632769584655761719e-01
