-3.163159489631652832e-01
-2.450960874557495117e-01
9.810202121734619141e-01
-7.149285078048706055e-01
-1.913518905639648438e-01
2.313554286956787109e-04
7.591238021850585938e-01
6.271486282348632812e-01
-1.695274353027343750e+00
-1.202462434768676758e+00
-7.663977146148681641e-01
-4.339289069175720215e-01
1.998344957828521729e-01
2.254622220993041992e+00
-9.148321151733398438e-01
1.148186922073364258e+00
-1.112088441848754883e+00
9.038351178169250488e-01
-6.681011617183685303e-02
-2.075803518295288086e+00
8.668748736381530762e-01
4.659891724586486816e-01
-9.507788419723510742e-01
-2.987821698188781738e-01
1.014359951019287109e+00
-8.147230744361877441e-01
2.357712984085083008e-01
4.585297703742980957e-01
-7.550554275512695312e-01
-5.010089874267578125e-01
1.608413338661193848e+00
1.302135586738586426e-01
2.302172183990478516e-01
-1.488802909851074219e+00
7.478252649307250977e-01
5.850703120231628418e-01
2.995599508285522461e-01
-9.070387482643127441e-01
-4.388063848018646240e-01
2.160932868719100952e-01
-2.453272342681884766e-01
-1.731455326080322266e+00
-3.777911067008972168e-01
-8.302599191665649414e-01
5.404334068298339844e-01
-1.640308856964111328e+00
-4.826612770557403564e-01
2.311285734176635742e-01
9.744034409523010254e-01
2.815712690353393555e-01
1.940936297178268433e-01
-9.373433589935302734e-01
-5.761983394622802734e-01
1.573885917663574219e+00
1.759334444999694824e+00
-5.452746748924255371e-01
-2.402776777744293213e-01
-1.645120382308959961e+00
3.579319417476654053e-01
2.579155862331390381e-01
2.049712538719177246e-01
-4.464715719223022461e-02
1.203098058700561523e+00
4.771406352519989014e-01
-6.965855360031127930e-01
-5.062042474746704102e-01
1.803404331207275391e+00
7.426761835813522339e-02
-5.605972409248352051e-01
-6.418848037719726562e-01
3.998189270496368408e-01
5.246993899345397949e-01
-9.949733614921569824e-01
6.001496911048889160e-01
4.134280085563659668e-01
-4.029825925827026367e-01
-1.959664225578308105e-01
4.927936494350433350e-01
2.771621048450469971e-01
-6.517432928085327148e-01
-7.320861816406250000e-01
1.460142970085144043e+00
1.090984344482421875e+00
-6.536059379577636719e-01
1.811469495296478271e-01
-1.275660514831542969e+00
1.261565566062927246e+00
4.570840299129486084e-01
2.126241922378540039e-01
9.648755192756652832e-01
-8.287280797958374023e-01
-1.645983159542083740e-01
-4.923015832901000977e-01
-1.360482692718505859e+00
2.408070266246795654e-01
8.939366936683654785e-01
-1.819633722305297852e+00
-7.400572299957275391e-01
1.193627119064331055e+00
-3.219088017940521240e-01
1.512276887893676758e+00
1.606673002243041992e-01
-1.266144275665283203e+00
5.002948045730590820e-01
-5.547649264335632324e-01
-1.913237452507019043e+00
9.882926195859909058e-02
9.676636457443237305e-01
-4.393230378627777100e-01
1.051247477531433105e+00
1.216185837984085083e-01
-1.391617953777313232e-01
-1.077075481414794922e+00
2.928903400897979736e-01
1.013773798942565918e+00
7.591914534568786621e-01
1.867886543273925781e+00
6.248132586479187012e-01
-8.735322356224060059e-01
2.623717308044433594e+00
-1.486251831054687500e+00
-1.802506208419799805e+00
-6.246507167816162109e-01
1.326966285705566406e-02
-4.613594114780426025e-01
2.548922896385192871e-01
1.710034132003784180e+00
-1.270812869071960449e+00
9.473446607589721680e-01
1.020084261894226074e+00
-8.447991609573364258e-01
-4.580559432506561279e-01
3.200538456439971924e-01
1.163041293621063232e-01
-9.182332754135131836e-01
-4.205553531646728516e-01
7.674053907394409180e-01
-1.129633039236068726e-01
-5.414419174194335938e-01
6.350511908531188965e-01
1.845291376113891602e+00
1.210426330566406250e+00
1.440493315458297729e-01
-2.568037748336791992e+00
-7.016862034797668457e-01
-2.124470472335815430e-01
1.068311691284179688e+00
1.659929394721984863e+00
8.583609759807586670e-02
6.671755313873291016e-01
-4.243624508380889893e-01
1.565461009740829468e-01
-6.267215311527252197e-02
-4.227185845375061035e-01
-5.118739008903503418e-01
-4.784488677978515625e-01
1.001437783241271973e+00
1.304310321807861328e+00
-7.714883983135223389e-02
-1.312399625778198242e+00
1.091773137450218201e-01
1.340255260467529297e+00
4.071011543273925781e-01
2.589738667011260986e-01
1.099155664443969727e+00
6.673296093940734863e-01
5.030845403671264648e-01
-4.701535403728485107e-01
-1.030682444572448730e+00
2.993755936622619629e-01
-8.837429285049438477e-01
-4.803811311721801758e-01
-6.109481453895568848e-01
-1.452685832977294922e+00
-4.781097471714019775e-01
-1.536650583148002625e-02
-2.227107763290405273e+00
4.020413160324096680e-01
-1.059524059295654297e+00
5.039986968040466309e-01
1.678189039230346680e-01
-1.408052325248718262e+00
4.767448604106903076e-01
1.553140997886657715e+00
-1.327536582946777344e+00
-2.669229507446289062e-01
1.907380372285842896e-01
1.889725029468536377e-02
1.174771785736083984e+00
4.574289321899414062e-01
3.010160028934478760e-01
7.291283607482910156e-01
-1.249595284461975098e-01
4.398695528507232666e-01
1.311999559402465820e-01
-5.383202433586120605e-01
1.363153696060180664e+00
-1.066527739167213440e-01
-5.826172828674316406e-01
7.737911343574523926e-01
-2.402746975421905518e-01
-8.302281051874160767e-02
8.988949060440063477e-01
2.431267797946929932e-01
-8.519141376018524170e-02
-5.952329039573669434e-01
5.246459841728210449e-01
5.784811377525329590e-01
5.140720605850219727e-01
3.512026667594909668e-01
1.063140273094177246e+00
4.045471251010894775e-01
-1.121965408325195312e+00
1.005181312561035156e+00
-7.777684330940246582e-01
-9.333850741386413574e-01
3.520186543464660645e-01
-2.085132598876953125e-01
-7.184577584266662598e-01
1.377829313278198242e+00
-1.838192462921142578e+00
-6.162168979644775391e-01
2.120131254196166992e+00
-2.699831724166870117e-01
1.470511078834533691e+00
-5.663941502571105957e-01
3.186548650264739990e-01
-2.609860599040985107e-01
1.524432301521301270e-01
6.122925281524658203e-01
1.740224957466125488e-01
-4.266026616096496582e-02
5.796622037887573242e-01
-5.675309300422668457e-01
1.154585838317871094e+00
3.951844871044158936e-01
-9.463937282562255859e-01
-6.725355386734008789e-01
-8.591936230659484863e-01
8.391821384429931641e-01
-5.142784118652343750e-01
1.321751832962036133e+00
-2.463820576667785645e-01
-5.958040356636047363e-01
-2.158402055501937866e-01
-1.109795808792114258e+00
-5.964267849922180176e-01
-1.237358808517456055e+00
2.355893254280090332e-01
-4.945742487907409668e-01
-4.787458181381225586e-01
-2.126288861036300659e-01
-1.321729421615600586e+00
-9.587091207504272461e-01
-1.212403252720832825e-01
7.805065810680389404e-02
