-7.620576620101928711e-01
-1.361141204833984375e-01
-1.352507591247558594e+00
1.717622756958007812e+00
4.990074932575225830e-01
3.197255730628967285e-01
2.051958441734313965e-01
1.733659029006958008e+00
-2.015151500701904297e+00
7.269652485847473145e-01
-9.181457161903381348e-01
-9.175640344619750977e-01
-7.683261632919311523e-01
6.602381169795989990e-02
-1.676395535469055176e-02
-5.381026268005371094e-01
1.522423744201660156e+00
1.411023974418640137e+00
6.761133670806884766e-01
9.103865921497344971e-02
2.074419856071472168e-01
-6.587513089179992676e-01
-3.552513718605041504e-01
-1.402244567871093750e-01
5.801723003387451172e-01
3.473833501338958740e-01
-2.418345063924789429e-01
-3.271442651748657227e-01
2.597102522850036621e-01
-1.387423992156982422e+00
8.605821728706359863e-01
9.127530455589294434e-02
7.841943502426147461e-01
-9.364142417907714844e-01
5.963345766067504883e-01
-1.088978648185729980e-01
3.144737482070922852e-01
-1.148078441619873047e+00
-1.190757632255554199e+00
3.101690113544464111e-01
7.119634151458740234e-01
-1.382760763168334961e+00
1.871046870946884155e-01
3.244000077247619629e-01
3.987134695053100586e-01
-9.264685511589050293e-01
-8.199393749237060547e-03
-2.917734980583190918e-01
1.063475161790847778e-01
5.800150036811828613e-01
-6.508678197860717773e-04
-7.052817344665527344e-01
-3.328739851713180542e-02
5.160400271415710449e-01
-7.343894839286804199e-01
-3.345695137977600098e-01
-8.208023905754089355e-01
-5.870463848114013672e-01
-4.932478666305541992e-01
-9.255497455596923828e-01
-1.439217925071716309e-01
-3.670634925365447998e-01
-1.563054323196411133e-01
-6.645948290824890137e-01
1.399631261825561523e+00
2.518153786659240723e-01
7.823708057403564453e-01
-6.328012347221374512e-01
1.025822639465332031e+00
2.007661819458007812e+00
1.969373971223831177e-01
1.197429895401000977e+00
-1.230819225311279297e+00
8.846224546432495117e-01
2.566910386085510254e-01
2.068150639533996582e-01
7.625650167465209961e-01
-5.542929172515869141e-01
-1.764729738235473633e+00
-2.241146564483642578e+00
-1.130537748336791992e+00
3.409011363983154297e-01
-6.706440448760986328e-01
-6.301558017730712891e-01
-9.882804155349731445e-01
-7.891011238098144531e-01
1.132347509264945984e-01
2.386620044708251953e-01
-6.999877095222473145e-02
-7.145107388496398926e-01
-3.389937058091163635e-02
-1.246791720390319824e+00
-9.605930000543594360e-02
4.025322198867797852e-02
1.332201719284057617e+00
1.663322687149047852e+00
-2.421077787876129150e-01
-1.943802833557128906e-02
1.602436304092407227e+00
1.541028618812561035e-01
1.038361549377441406e+00
2.105419039726257324e-01
-1.105652928352355957e+00
9.101420640945434570e-03
-3.270331621170043945e-01
2.314729690551757812e-01
6.910212039947509766e-01
-3.568022251129150391e-01
6.931758522987365723e-01
1.796782612800598145e-01
1.401989698410034180e+00
4.511858224868774414e-01
4.825947284698486328e-01
-2.211972177028656006e-01
2.026719570159912109e+00
3.549538552761077881e-01
-4.442904889583587646e-01
1.254844546318054199e+00
2.834966182708740234e-01
1.019226312637329102e-01
1.484927535057067871e-01
-1.873849183320999146e-01
1.445844888687133789e+00
-1.735473275184631348e-01
-1.897347867488861084e-01
1.051346659660339355e-01
4.448754489421844482e-01
-8.969858884811401367e-01
-2.524853944778442383e-01
-6.787400841712951660e-01
1.198558807373046875e+00
-3.150998950004577637e-01
-8.710048198699951172e-01
-9.943593740463256836e-01
-2.577084004878997803e-01
9.989254474639892578e-01
-2.267152070999145508e-02
4.241155385971069336e-01
-1.003732800483703613e+00
9.563001990318298340e-01
1.213233947753906250e+00
2.348022222518920898e+00
-2.333016991615295410e-01
-1.763777971267700195e+00
9.270923137664794922e-01
-9.157791733741760254e-01
9.488494992256164551e-01
2.034098505973815918e-01
2.817896008491516113e-02
-1.109820961952209473e+00
8.196227550506591797e-01
6.193090677261352539e-01
-3.532935082912445068e-01
1.037916064262390137e+00
-4.328179657459259033e-01
5.603289604187011719e-02
1.260002732276916504e+00
-5.192607641220092773e-01
9.274449348449707031e-01
-1.293871521949768066e+00
-3.139131963253021240e-01
-4.185007512569427490e-01
-7.085506319999694824e-01
5.886961817741394043e-01
4.828909933567047119e-01
1.496515154838562012e+00
1.982521057128906250e+00
-1.040366649627685547e+00
1.585818409919738770e+00
-1.174665451049804688e+00
1.205078125000000000e+00
1.389192104339599609e+00
-5.427387356758117676e-01
-8.464884757995605469e-01
-6.671776771545410156e-01
-1.049551010131835938e+00
-3.391847014427185059e-03
1.241270154714584351e-01
6.900392174720764160e-01
-2.553876638412475586e-01
1.128080964088439941e+00
-3.901641666889190674e-01
1.485416769981384277e+00
1.518278717994689941e-01
7.434055209159851074e-02
1.049344539642333984e+00
3.572698235511779785e-01
8.709255456924438477e-01
4.253595173358917236e-01
2.382613718509674072e-01
-1.251755118370056152e+00
-4.326259493827819824e-01
7.843544483184814453e-01
-2.757678925991058350e-01
3.769936561584472656e-01
3.316898941993713379e-01
4.098371863365173340e-01
2.054832279682159424e-01
1.603831410408020020e+00
1.705447882413864136e-01
-8.597476482391357422e-01
-1.374801874160766602e+00
8.684675693511962891e-01
-1.291544556617736816e+00
-8.034296035766601562e-01
2.950578331947326660e-01
-3.211650252342224121e-01
-8.181783556938171387e-01
5.740408897399902344e-01
2.864174842834472656e-01
3.710323572158813477e-02
1.029354214668273926e+00
2.833825349807739258e-01
-7.313956022262573242e-01
-1.456158161163330078e+00
4.459996521472930908e-02
1.959805637598037720e-01
-5.948835611343383789e-02
-1.842379570007324219e-04
2.905288338661193848e-02
-2.796679139137268066e-01
-3.368363380432128906e-01
-4.836173653602600098e-01
-8.540436625480651855e-02
1.994287222623825073e-01
8.372256755828857422e-01
-2.584759294986724854e-01
-1.052297711372375488e+00
-1.200195908546447754e+00
8.661918640136718750e-01
4.593658819794654846e-02
-6.430066823959350586e-01
-3.198164403438568115e-01
-1.228581428527832031e+00
-5.711606144905090332e-01
-1.385264754295349121e+00
3.230609297752380371e-01
-7.268296480178833008e-01
2.128411531448364258e-01
1.093053936958312988e+00
-3.954066634178161621e-01
2.106267452239990234e+00
-9.834030866622924805e-01
7.307119965553283691e-01
6.554520130157470703e-01
-9.578341245651245117e-02
-4.615972042083740234e-01
2.772494554519653320e-01
5.610847473144531250e-01
-3.984725177288055420e-01
5.692638456821441650e-02
-1.134020924568176270e+00
1.367788553237915039e+00
1.971294581890106201e-01
1.705804616212844849e-01
7.175385951995849609e-01
